Modified Julian Date	Stock Value
55463	14.5
55462	14.17
55461	14.04
55460	14.18
55459	13.86
55456	13.89
55455	14.19
55454	14.27
55453	13.63
55452	13.73
55449	13.68
55448	13.65
55447	13.75
55446	13.53
55442	13.62
55441	13.51
55440	13.37
55439	13.11
55438	13.18
55435	13.43
55434	13.21
55433	13.26
55432	13.4
55431	13.65
55428	13.79
55427	13.85
55426	13.99
55425	13.94
55424	13.79
55421	13.83
55420	13.85
55419	13.87
55418	14.35
55417	14.4
55414	14.34
55413	14.16
55412	14.18
55411	13.94
55410	14
55407	13.88
55406	13.76
55405	13.87
55404	13.95
55403	14.15
55400	13.99
55399	13.88
55398	13.91
55397	15.2
55396	15.1
55393	14.9
55392	15.37
55391	15.37
55390	15.52
55389	14.94
55386	14.89
55385	14.6
55384	14.4
55383	14.13
55379	14.07
55378	14.09
55377	13.84
55376	14.04
55375	14.73
55372	14.81
55371	14.83
55370	15.23
55369	15.09
55368	15.21
55365	15.54
55364	15.6
55363	15.49
55362	15.65
55361	15.17
55358	15.29
55357	15.1
55356	14.69
55355	14.79
55354	14.94
55351	15
55350	15.43
55349	15.18
55348	15.02
55344	15.34
55343	15.69
55342	15.45
55341	15.31
55340	15.54
55337	15.48
55336	15.1
55335	15.79
55334	16.03
55333	16.27
55330	16.39
55329	16.14
55328	16.47
55327	16.41
55326	16.33
55323	15.29
55322	15.92
55321	16.49
55320	16.32
55319	16.95
55316	16.53
55315	16.97
55314	16.75
55313	16.92
55312	17.39
55309	17.64
55308	17.72
55307	17.45
55306	18.38
55305	18.39
55302	18.17
55301	18.97
55300	18.38
55299	18.18
55298	17.64
55295	17.52
55294	17.35
55293	16.87
55292	16.92
55291	16.51
55287	16.29
55286	16.53
55285	16.61
55284	16.56
55281	16.54
55280	16.32
55279	16.09
55278	16.03
55277	16.34
55274	16.44
55273	16.56
55272	16.5
55271	16.36
55270	16.46
55267	16.32
55266	16.53
55265	16.79
55264	16.53
55263	16.52
55260	16.06
55259	15.81
55258	15.57
55257	15.73
55256	15.79
55253	15.31
55252	15.24
55251	15.59
55250	15.38
55249	15.49
55246	15.58
55245	15.54
55244	15.44
55243	15.41
55239	15.17
55238	15.22
55237	14.8
55236	15.07
55235	14.99
55232	15.19
55231	15.01
55230	15.46
55229	15.17
55228	15.05
55225	15.01
55224	15.44
55223	15.98
55222	15.99
55221	15.86
55218	15.88
55217	16.2
55216	16.38
55215	16.75
55211	16.82
55210	17.12
55209	16.9
55208	16.68
55207	16.74
55204	16.7
55203	16.7
55202	17.17
55201	17.23
55200	17.1
55196	16.78
55195	16.98
55194	16.92
55193	16.88
55189	16.72
55188	16.67
55187	15.98
55186	15.88
55183	16.14
55182	15.82
55181	15.79
55180	15.74
55179	15.81
55176	15.74
55175	15.49
55174	15.18
55173	15.45
55172	15.45
55169	15.19
55168	15.11
55167	15.31
55166	15.13
55165	14.97
55162	15
55160	15.3
55159	15.24
55158	15.45
55155	15.38
55154	15.61
55153	15.98
55152	16.05
55151	16.07
55148	15.93
55147	16
55146	16.09
55145	16.04
55144	16.02
55141	15.94
55140	15.9
55139	15.69
55138	15.7
55137	15.85
55134	15.9
55133	16.13
55132	16.04
55131	16.69
55130	16.87
55127	17.22
55126	17.67
55125	17.66
55124	17.17
55123	17.22
55120	16.81
55119	16.52
55118	16.95
55117	16.88
55116	16.75
55113	16.87
55112	17.58
55111	17.49
55110	17.3
55109	16.8
55106	16.84
55105	17.39
55104	17.81
55103	17.45
55102	17.47
55099	17.08
55098	16.89
55097	17.21
55096	16.86
55095	17.04
55092	17.39
55091	17.5
55090	16.99
55089	16.41
55088	15.57
55085	15.59
55084	15.45
55083	14.78
55082	14.49
55078	14.5
55077	14.28
55076	14.23
55075	14.18
55074	14.61
55071	14.85
55070	14.93
55069	14.93
55068	15.07
55067	14.99
55064	14.79
55063	14.77
55062	14.79
55061	14.75
55060	14.56
55057	15.04
55056	15.04
55055	14.68
55054	14.46
55053	14.63
55050	14.62
55049	14.74
55048	14.67
55047	14.51
55046	14.34
55043	14.32
55042	14.6
55041	15.14
55040	17.22
55039	17
55036	17.48
55035	17.36
55034	17.37
55033	16.75
55032	17.01
55029	16.84
55028	16.19
55027	15.71
55026	15.18
55025	15.01
55022	14.93
55021	14.55
55020	14.38
55019	14.44
55018	14.91
55014	14.99
55013	15.41
55012	15.66
55011	15.9
55008	15.74
55007	15.53
55006	15.45
55005	14.68
55004	14.71
55001	15.8
55000	15.34
54999	15.6
54998	15.96
54997	16.4
54994	16.4
54993	16.19
54992	16.32
54991	16.4
54990	16.19
54987	16.64
54986	16.65
54985	16.3
54984	16.62
54983	16.58
54980	15.84
54979	15.09
54978	14.94
54977	15.28
54973	14.98
54972	14.87
54971	14.96
54970	15.18
54969	15.17
54966	14.91
54965	14.76
54964	14.52
54963	15.1
54962	15.54
54959	15.15
54958	14.8
54957	14.85
54956	14.74
54955	14.18
54952	14.14
54951	14.29
54950	14.02
54949	13.64
54948	13.89
54945	14.73
54944	14.55
54943	14.48
54942	14.38
54941	13.66
54938	14.39
54937	14.43
54936	14.02
54935	14.07
54934	14.42
54930	13.47
54929	12.92
54928	12.81
54927	13.23
54924	13.34
54923	12.95
54922	12.75
54921	12.81
54920	12.7
54917	13.18
54916	13.35
54915	13.55
54914	13.63
54913	14.09
54910	13.6
54909	13.74
54908	13.42
54907	13.99
54906	13.22
54903	13.51
54902	13.6
54901	13.39
54900	13.23
54899	12.66
54896	13.05
54895	12.53
54894	13.16
54893	12.5
54892	12.58
54889	13.23
54888	12.98
54887	12.48
54886	12.75
54885	11.97
54882	12.14
54881	11.98
54880	12.22
54879	12.02
54875	12.84
54874	12.66
54873	12.63
54872	12.75
54871	13.9
54868	13.63
54867	13.51
54866	13
54865	12.68
54864	12.15
54861	11.73
54860	11.74
54859	12.24
54858	11.34
54857	11.17
54854	11.32
54853	11.28
54852	11.59
54851	11.01
54847	11.59
54846	11.61
54845	12.41
54844	12.1
54843	12.22
54840	13.13
54839	13.07
54838	12.71
54837	13
54836	12.86
54833	12.85
54831	12.2
54830	11.97
54829	11.88
54826	12.34
54824	12.32
54823	12.42
54822	12.35
54819	13.03
54818	12.72
54817	13.11
54816	13.36
54815	12.73
54812	13.15
54811	12.73
54810	13.4
54809	12.19
54808	12.2
54805	11.66
54804	11.05
54803	11.5
54802	11.5
54801	10.74
54798	11.51
54796	10.58
54795	10.07
54794	10.21
54791	9.39
54790	8.95
54789	9.14
54788	11.55
54787	10.63
54784	10.82
54783	11.15
54782	10.34
54781	11.35
54780	11.87
54777	12.2
54776	13.96
54775	13.92
54774	13.35
54773	12.75
54770	12.82
54769	12.93
54768	12.14
54767	12.36
54766	11.58
54763	12.1
54762	12.65
54761	12.39
54760	12.07
54759	12.86
54756	12.9
54755	12.99
54754	11.75
54753	12.65
54752	13.49
54749	12.29
54748	12.65
54747	13.76
54746	14.58
54745	15.31
54742	16
54741	15.58
54740	16.96
54739	17.3
54738	16.88
54735	18.92
54734	19.2
54733	19.15
54732	18.93
54731	18.68
54728	19.89
54727	20.82
54726	18.82
54725	19.26
54724	18.85
54721	19.08
54720	18.55
54719	17.7
54718	17.58
54717	18.26
54714	18.08
54713	17.75
54712	18.76
54711	18.75
54707	19.38
54706	19.65
54705	19.37
54704	19.09
54703	19.09
54700	19.53
54699	19.11
54698	19.17
54697	19.42
54696	19.73
54693	20.44
54692	20.28
54691	20.36
54690	20.43
54689	20.26
54686	19.9
54685	20.19
54684	20
54683	19.82
54682	19.38
54679	19.8
54678	19.89
54677	20.03
54676	20.15
54675	20.12
54672	21.13
54671	20.53
54670	20.39
54669	21.4
54668	21.67
54665	22.45
54664	22.44
54663	22.48
54662	21.54
54661	22.57
54658	23.57
54657	23.5
54656	23.82
54655	24.64
54654	23.91
54650	21.35
54649	20.88
54648	20.2
54647	20.66
54644	21.33
54643	21.37
54642	22.01
54641	22.04
54640	21.45
54637	21.99
54636	22.73
54635	22.91
54634	23.25
54633	23.54
54630	23.47
54629	23.52
54628	26.15
54627	26.4
54626	26.58
54623	26.44
54622	26.36
54621	26.85
54620	26.15
54619	26.4
54616	26.76
54615	27.07
54614	27.16
54613	27
54609	27.72
54608	27.53
54607	27.33
54606	27.48
54605	27.68
54602	27.66
54601	27.75
54600	27.14
54599	26.56
54598	25.26
54595	25.93
54594	26.22
54593	25.64
54592	25.72
54591	24.37
54588	28.67
54587	26.81
54586	27.41
54585	27.36
54584	26.43
54581	26.8
54580	27.3
54579	28.08
54578	28.54
54577	28.55
54574	28.43
54573	28.03
54572	28.31
54571	28.17
54570	27.8
54567	28.34
54566	28.59
54565	27.77
54564	27.7
54563	27.7
54560	28.36
54559	28.13
54558	27.82
54557	28.5
54556	28.93
54553	28.99
54552	28.09
54551	28.49
54550	28.73
54549	27.52
54545	27.66
54544	27.07
54543	27.66
54542	25.85
54539	26.71
54538	27.5
54537	28.45
54536	29
54535	28.51
54532	29.03
54531	28.7
54530	28.67
54529	28.06
54528	27.77
54525	27.78
54524	28.15
54523	28.37
54522	28.22
54521	28.13
54518	28.42
54517	28.42
54516	28.83
54515	29.01
54511	29.66
54510	29.98
54509	29.88
54508	29.57
54507	29.87
54504	29.2
54503	29.04
54502	28.57
54501	28.98
54500	29.33
54497	28.38
54496	19.18
54495	19.05
54494	20.81
54493	20.78
54490	21.94
54489	21.69
54488	20.01
54487	19.86
54483	20.78
54482	21.22
54481	21.95
54480	22.91
54479	23.7
54476	23.36
54475	24.09
54474	22.56
54473	22.61
54472	23.18
54469	23.16
54468	23.84
54467	23.72
54465	23.26
54462	23.45
54461	23.71
54460	23.96
54458	24.05
54455	24.01
54454	23.64
54453	23.31
54452	23.02
54451	23.04
54448	24.06
54447	24.38
54446	24.54
54445	24.47
54444	25.2
54441	25.63
54440	25.96
54439	25.98
54438	26.42
54437	26.61
54434	26.81
54433	26.63
54432	26.2
54431	25.59
54430	25.22
54427	26.13
54425	25.71
54424	26.72
54423	26.76
54420	26.82
54419	25.42
54418	25.07
54417	26.1
54416	24.78
54413	25.79
54412	26.7
54411	27.63
54410	29.93
54409	31.36
54406	31.11
54405	30.22
54404	31.1
54403	30.83
54402	31.79
54399	33.63
54398	31.34
54397	30.68
54396	30.64
54395	29.85
54392	29.03
54391	29.35
54390	28.82
54389	26.69
54388	27.86
54385	28.48
54384	27.65
54383	28.36
54382	28.37
54381	28.05
54378	27.88
54377	27.15
54376	27.17
54375	26.95
54374	27.04
54371	26.84
54370	26.27
54369	26.7
54368	26.51
54367	25.73
54364	26.05
54363	25.29
54362	25.29
54361	25.06
54360	24.95
54357	24.73
54356	23.72
54355	23.56
54354	23.71
54353	23.3
54350	23.76
54349	24.15
54348	24.1
54347	23.97
54343	22.73
54342	22.61
54341	22.55
54340	22.52
54339	23.03
54336	23.59
54335	23.13
54334	23.23
54333	23.04
54332	23.34
54329	23.54
54328	22.76
54327	23.32
54326	23.72
54325	24.57
54322	23.94
54321	23.8
54320	23.87
54319	23.44
54318	22.97
54315	22.92
54314	23.36
54313	23.25
54312	23.25
54311	23.62
54308	23.49
54307	24.03
54306	24.68
54305	24.84
54304	24.99
54301	25.35
54300	26.03
54299	26.2
54298	27.53
54297	26.7
54294	26.58
54293	26.96
54292	26.69
54291	26.97
54290	27.2
54287	27.1
54286	26.99
54284	27
54283	26.86
54280	27.13
54279	27.25
54278	27.58
54277	27.71
54276	27.64
54273	27.38
54272	27.67
54271	27.66
54270	27.63
54269	28.12
54266	27.31
54265	27.3
54264	27.38
54263	27.05
54262	27.35
54259	27.39
54258	26.98
54257	27.44
54256	28.23
54255	28.59
54252	28.78
54251	28.7
54250	28.38
54249	28.4
54245	28.58
54244	28.41
54243	28.61
54242	28.92
54241	29.35
54238	29.75
54237	28.57
54236	29.21
54235	28.81
54234	29.31
54231	30.05
54230	29.7
54229	30.22
54228	30.41
54227	30.38
54224	30.98
54223	28.18
54222	28.12
54221	27.73
54220	28.04
54217	28.34
54216	28.49
54215	28.06
54214	28.02
54213	27.88
54210	27.46
54209	27.51
54208	28.31
54207	32.09
54206	31.61
54203	31.41
54202	31.21
54201	31.17
54200	31.69
54199	31.64
54195	31.96
54194	31.62
54193	31.72
54192	31.28
54189	31.29
54188	31.34
54187	31.41
54186	31.55
54185	31.66
54182	31.36
54181	31.26
54180	31.29
54179	30.33
54178	30.03
54175	29.88
54174	30.06
54173	29.86
54172	29.56
54171	29.99
54168	29.12
54167	30.71
54166	30.39
54165	30.8
54164	30.31
54161	30.42
54160	30.86
54159	30.86
54158	30.95
54157	32.11
54154	32.1
54153	31.6
54152	31.65
54151	32.01
54147	31.91
54146	31.25
54145	30.66
54144	29.56
54143	29.17
54140	29.74
54139	30.08
54138	29.89
54137	29.35
54136	28.56
54133	28.77
54132	28.35
54131	28.31
54130	28.04
54129	27.87
54126	28.04
54125	28.21
54124	28.94
54123	26.96
54122	27.42
54119	27.64
54118	28.12
54117	29.05
54116	29.29
54112	29.45
54111	29.2
54110	28.7
54109	27.58
54108	27.92
54105	27.74
54104	26.85
54103	25.61
54098	25.54
54097	25.36
54096	25.75
54095	25.45
54091	25.55
54090	25.48
54089	25.59
54088	26.41
54087	26.3
54084	26.9
54083	26.87
54082	26.6
54081	26.75
54080	26.49
54077	26.34
54076	26.63
54075	26.86
54074	27.43
54073	26.89
54070	26.49
54069	27.01
54068	27.04
54067	27
54066	27.27
54063	28.03
54061	28.49
54060	27.14
54059	26.72
54056	26.91
54055	26.64
54054	27.15
54053	27.24
54052	27.4
54049	27.39
54048	27.45
54047	26.9
54046	26.61
54045	26.59
54042	26.18
54041	26.53
54040	25.99
54039	26.34
54038	25.95
54035	25.34
54034	25.28
54033	24.49
54032	23.53
54031	23.37
54028	23.21
54027	23.14
54026	22.99
54025	24.15
54024	24.18
54021	24.42
54020	24.12
54019	24.24
54018	24.47
54017	25.03
54014	25.47
54013	25.18
54012	25.21
54011	24.84
54010	24.88
54007	25.28
54006	25.33
54005	24.65
54004	25.05
54003	25.29
54000	25.52
53999	25.34
53998	25.64
53997	25.75
53996	29
53993	29.32
53992	29.03
53991	29.17
53990	29.09
53989	28.61
53986	28.14
53985	27.86
53984	28.5
53983	29.07
53979	29.49
53978	28.83
53977	29.02
53976	28.96
53975	28.91
53972	28.77
53971	28.99
53970	28.7
53969	29.26
53968	28.9
53965	29.78
53964	28.91
53963	28.39
53962	28.17
53961	27.26
53958	27.5
53957	27.49
53956	27.22
53955	27.44
53954	27.08
53951	26.99
53950	26.9
53949	26.63
53948	26.94
53947	27.14
53944	27.47
53943	26.7
53942	27.08
53941	26.95
53940	26.94
53937	25.89
53936	25.27
53935	25.2
53934	32.24
53933	31.84
53930	32.08
53929	32.23
53928	33.38
53927	33.17
53926	32.85
53923	32.5
53922	33.11
53921	32.47
53919	33.3
53916	33
53915	32.97
53914	31.92
53913	31.51
53912	31.55
53909	31.37
53908	30.68
53907	31.06
53906	30.6
53905	30.35
53902	30.36
53901	30.79
53900	29.62
53899	29.65
53898	29.78
53895	30.37
53894	30.45
53893	30.54
53892	30.7
53891	30.82
53888	31.52
53887	31.99
53886	31.59
53885	32
53881	33.02
53880	32.92
53879	31.79
53878	30.76
53877	30.46
53874	29.53
53873	29
53872	30.11
53871	30.97
53870	31.03
53867	30.81
53866	30.99
53865	32.09
53864	32.49
53863	32.87
53860	32.66
53859	32.19
53858	32.17
53857	31.85
53856	32.08
53853	32.78
53852	33.2
53851	33
53850	31.99
53849	33.01
53846	32.89
53845	33.37
53844	33.54
53843	31.3
53842	30.97
53838	31.13
53837	31.1
53836	31.39
53835	32.55
53832	32.27
53831	32.79
53830	32.11
53829	32.1
53828	31.89
53825	32.26
53824	32.42
53823	32.56
53822	32.39
53821	31.45
53818	31.77
53817	31.83
53816	30.75
53815	30.11
53814	30.44
53811	30.07
53810	30.13
53809	30.53
53808	30.99
53807	30.15
53804	30.58
53803	30.28
53802	30.99
53801	31.43
53800	31.57
53797	31.45
53796	31.7
53795	32.18
53794	32.06
53793	32.74
53790	33.01
53789	33.15
53788	33.16
53787	32.39
53783	32.76
53782	32.75
53781	33.02
53780	32.72
53779	32.04
53776	32.51
53775	32.5
53774	33
53773	33.02
53772	32.92
53769	33.54
53768	34.25
53767	35
53766	34.38
53765	35.05
53762	35.09
53761	35.17
53760	34.49
53759	34.87
53758	34.17
53755	33.74
53754	34.33
53753	35.18
53752	40.11
53748	39.9
53747	40.89
53746	41.87
53745	42.98
53744	43.42
53741	43.21
53740	41.53
53739	40.97
53738	40.91
53734	39.18
53733	39.56
53732	40.25
53731	39.94
53727	40.63
53726	40.83
53725	40.47
53724	40.68
53723	41.05
53720	42.32
53719	41.75
53718	41.3
53717	41.2
53716	40.08
53713	40.31
53712	40.35
53711	40.11
53710	40.19
53709	40.47
53706	41.21
53705	41.07
53704	40.23
53703	40.19
53702	41.11
53699	42.13
53697	42.5
53696	42.36
53695	42.27
53692	41.54
53691	42.23
53690	40.04
53689	37.65
53688	38.45
53685	38.49
53684	38.69
53683	37.75
53682	37.97
53681	37.9
53678	37.87
53677	37.45
53676	37.99
53675	37.72
53674	36.97
53671	35.58
53670	35.45
53669	35.46
53668	35.12
53667	35.28
53664	35.29
53663	35.26
53662	35.91
53661	33.7
53660	34.16
53657	33.52
53656	33.37
53655	33.93
53654	34.1
53653	34.53
53650	34.16
53649	33.8
53648	33.49
53647	33.57
53646	33.77
53643	33.84
53642	33.46
53641	32.35
53640	32.48
53639	32.18
53636	32.13
53635	32.04
53634	31.97
53633	32.64
53632	32.75
53629	33.17
53628	33.57
53627	33.8
53626	34.3
53625	33.91
53622	33.46
53621	33.34
53620	34.06
53619	33.68
53615	33.17
53614	33.24
53613	33.32
53612	33.18
53611	33.68
53608	33.57
53607	33.48
53606	33.47
53605	33.11
53604	33.2
53601	34
53600	34.36
53599	34.39
53598	34.23
53597	34.6
53594	34.6
53593	34.94
53592	34.19
53591	34.06
53590	33.94
53587	33.52
53586	34.06
53585	34.51
53584	33.88
53583	33.33
53580	33.34
53579	34.01
53578	34.29
53577	34.15
53576	33.85
53573	33.53
53572	32.94
53571	33.4
53570	37.73
53569	36.58
53566	36.58
53565	36.86
53564	36.73
53563	36.23
53562	35.76
53559	34.62
53558	34.63
53557	34.12
53556	34.6
53552	34.44
53551	34.65
53550	34.94
53549	35.8
53548	35.68
53545	36.09
53544	36.2
53543	36.9
53542	36.95
53541	36.45
53538	36.3
53537	36.4
53536	36.32
53535	36.8
53534	36.9
53531	36.81
53530	37.45
53529	36.63
53528	37.44
53527	38.52
53524	37.92
53523	38.5
53522	38.42
53521	37.2
53517	37.27
53516	37.14
53515	36.27
53514	36.63
53513	36.8
53510	36.33
53509	36.75
53508	35.95
53507	35.68
53506	35.45
53503	34.82
53502	34.71
53501	34.88
53500	34.06
53499	34.59
53496	34.52
53495	34.71
53494	35.18
53493	34.28
53492	34.38
53489	34.5
53488	34.33
53487	34.95
53486	35
53485	35.49
53482	34.87
53481	35.87
53480	34.65
53479	33.22
53478	32.55
53475	32.46
53474	33.46
53473	33.6
53472	34.28
53471	34.6
53468	34.76
53467	35.07
53466	34.49
53465	35.15
53464	35.07
53461	34.28
53460	33.9
53459	33.48
53458	32.16
53457	32.25
53453	31.41
53452	30.87
53451	30.99
53450	31.62
53447	31.11
53446	31.61
53445	31.58
53444	31.94
53443	31.32
53440	31.65
53439	31.91
53438	32.32
53437	33.16
53436	33.09
53433	32.36
53432	32.31
53431	32.23
53430	32.3
53429	32.27
53426	31.73
53425	31.48
53424	32.12
53423	32.79
53419	33.6
53418	33.82
53417	34.42
53416	33.98
53415	34.33
53412	34.15
53411	33.44
53410	33.59
53409	34.36
53408	34.47
53405	35.02
53404	35.09
53403	35.54
53402	34.75
53401	35.21
53398	34.62
53397	34.73
53396	35.47
53395	34.04
53394	33.93
53391	35.3
53390	35.78
53389	36.45
53388	37.18
53384	36.7
53383	35.33
53382	36.14
53381	35.66
53380	36.32
53377	35.96
53376	35.43
53375	36.13
53374	36.58
53373	38.18
53370	37.68
53369	37.87
53368	37.85
53367	37.9
53366	37.74
53362	37.25
53361	37.29
53360	36.66
53359	36.66
53356	36.77
53355	37.08
53354	38.29
53353	38.26
53352	38.09
53349	38.02
53348	38.31
53347	37.05
53346	37.08
53345	38.84
53342	39.02
53341	39.14
53340	38
53339	37.62
53338	38.12
53335	37.81
53333	37.61
53332	36.4
53331	36.45
53328	36.15
53327	37.19
53326	36.95
53325	36.74
53324	37.63
53321	37.8
53320	37.79
53319	36.66
53318	37.03
53317	37.14
53314	36.35
53313	37.66
53312	37.97
53311	37.74
53310	36.92
53307	36.19
53306	36.45
53305	36.18
53304	35.09
53303	35.2
53300	34.96
53299	35.7
53298	34.49
53297	34.64
53296	35.3
53293	34.52
53292	34.96
53291	34.96
53290	34.23
53289	34.02
53286	34.17
53285	34.78
53284	34.96
53283	34.96
53282	34.91
53279	35.03
53278	33.91
53277	34
53276	32.8
53275	31.82
53272	32.58
53271	33.04
53270	32.47
53269	33.26
53268	33.26
53265	33.46
53264	32.79
53263	32.9
53262	33.2
53261	31.87
53258	31.08
53257	30.49
53256	30.38
53255	29.64
53251	29.46
53250	29.84
53249	29.01
53248	28.51
53247	28.46
53244	29.3
53243	29.17
53242	29.37
53241	28.41
53240	28.63
53237	28.61
53236	28.11
53235	28.48
53234	28.34
53233	28.25
53230	27.49
53229	27.55
53228	27.42
53227	27.15
53226	25.7
53223	26.02
53222	26.8
53221	27.91
53220	29.15
53219	30.42
53216	30.8
53215	30.49
53214	29.7
53213	30
53212	28.21
53209	28.19
53208	29.26
53207	28.13
53206	29.39
53205	28.11
53202	29.19
53201	30.25
53200	30.66
53199	30.34
53198	30.26
53195	30.11
53194	30.08
53193	32.6
53192	33.22
53188	33.94
53187	34.3
53186	36.4
53185	35.35
53184	35.48
53181	34.91
53180	34.11
53179	33.97
53178	32.54
53177	31.67
53174	32.07
53173	32.38
53172	32.47
53171	32.1
53170	31.65
53166	32.4
53165	32.32
53164	32.99
53163	32.51
53160	31.87
53159	31.19
53158	31.55
53157	32.48
53153	30.66
53152	30.56
53151	30.11
53150	30.28
53149	29.43
53146	28.55
53145	28.03
53144	27.95
53143	27.77
53142	27.02
53139	26.97
53138	27.1
53137	27.08
53136	53.53
53135	51.33
53132	52.8
53131	52.36
53130	53.16
53129	52.85
53128	52.3
53125	50.53
53124	54.71
53123	55.83
53122	57.54
53121	57
53118	56.75
53117	57.59
53116	54.58
53115	53.55
53114	55.69
53111	54.14
53110	53.9
53109	54.69
53108	54.14
53107	55.14
53103	56.21
53102	48.35
53101	48.77
53100	49.99
53097	50.15
53096	49.45
53095	48.47
53094	48.79
53093	47.69
53090	47.13
53089	46.94
53088	44.5
53087	44.08
53086	44.47
53083	45.75
53082	45.05
53081	44.85
53080	42.57
53079	41.75
53076	43.02
53075	41.65
53074	41.7
53073	43.35
53072	43.84
53069	44.4
53068	44.13
53067	43.36
53066	43
53065	44.08
53062	44.34
53061	43.55
53060	43.34
53059	43.76
53058	44.91
53055	46.51
53054	46
53053	46.09
53052	46.57
53048	46.4
53047	47.52
53046	47.87
53045	46.89
53044	46.92
53041	46.49
53040	46.1
53039	44.95
53038	45.49
53037	46.7
53034	46.98
53033	46.09
53032	46.19
53031	47.04
53030	48.16
53027	47.09
53026	47.18
53025	47.38
53024	47.66
53020	48.11
53019	48.09
53018	48.39
53017	48.8
53016	49.74
53013	48.12
53012	48.58
53011	47.67
53010	47.24
53009	46.9
53006	45.4
53004	45.03
53003	44.93
53002	44.97
52999	44.29
52997	44.77
52996	43.68
52995	42.6
52992	42.11
52991	41.89
52990	40.73
52989	40.7
52988	42.25
52985	42.98
52984	42.78
52983	41.16
52982	41.57
52981	42.78
52978	42.85
52977	43.13
52976	42.5
52975	43.51
52974	44.21
52971	42.99
52969	43.08
52968	42.05
52967	41.78
52964	39.48
52963	38.69
52962	39.27
52961	38.01
52960	40.36
52957	41.63
52956	43.3
52955	42.53
52954	40.62
52953	41.24
52950	42.35
52949	42.97
52948	44.04
52947	43.43
52946	43.93
52943	43.71
52942	43.72
52941	43.08
52940	43.02
52939	41.17
52936	40.53
52935	40.4
52934	41.77
52933	42.82
52932	42.37
52929	42.24
52928	42.21
52927	41.43
52926	42.3
52925	42.9
52922	43.16
52921	42.75
52920	38.79
52919	38.93
52918	39.78
52915	39.24
52914	37.91
52913	36.4
52912	35.39
52911	36.19
52908	35.08
52907	36.53
52906	36.61
52905	37.82
52904	36.58
52901	37.24
52900	37.58
52899	36
52898	35.82
52897	34.63
52894	34.82
52893	34.59
52892	34.43
52891	34.99
52890	35.54
52887	34.89
52886	34.83
52885	33.57
52884	34.19
52880	33.39
52879	32.35
52878	32.4
52877	32.06
52876	32.06
52873	31.82
52872	32.82
52871	31.99
52870	32.03
52869	31.29
52866	29.88
52865	29.77
52864	29.53
52863	29.85
52862	28.9
52859	29
52858	28.87
52857	29.46
52856	29.82
52855	30.78
52852	31.46
52851	31.13
52850	30.79
52849	31.56
52848	32.56
52845	32.8
52844	33.2
52843	32.12
52842	31.25
52841	31.05
52838	29.9
52837	30.61
52836	31.85
52835	32.36
52834	32.2
52831	32.19
52830	32.56
52829	35.29
52828	35.1
52827	35.27
52823	34.7
52822	34.35
52821	33.64
52820	32.7
52817	32.22
52816	32.9
52815	31.35
52814	31.36
52813	31.52
52810	32.14
52809	31.63
52808	32.3
52807	31.42
52806	30.66
52803	28.72
52802	29.7
52801	29.6
52800	27.9
52799	27.5
52796	27.95
52795	29.39
52794	29.59
52793	28.55
52792	28.66
52789	29.84
52788	30.15
52787	29.9
52786	29.97
52782	28.49
52781	26.9
52780	26.18
52779	26.58
52778	25.95
52775	27.75
52774	27.51
52773	27.09
52772	27.22
52771	26.17
52768	25.04
52767	25.08
52766	24.76
52765	25.15
52764	25.03
52761	25.15
52760	24.55
52759	24.77
52758	25.01
52757	25.29
52754	24.96
52753	25.45
52752	25.6
52751	25.66
52750	25.41
52746	25.09
52745	24.67
52744	24.81
52743	24.35
52740	24.43
52739	24.27
52738	22.87
52737	23.81
52736	24
52733	24.05
52732	24.34
52731	23.74
52730	22.79
52729	24.02
52726	24.38
52725	24.41
52724	24.76
52723	23.62
52722	23.35
52719	23.97
52718	22.85
52717	22.21
52716	21.97
52715	22.38
52712	20.69
52711	20.25
52710	19.19
52709	18.96
52708	19.19
52705	19.62
52704	19.44
52703	19.9
52702	19.87
52701	19.92
52698	20.85
52697	20.08
52696	19.71
52695	20
52694	19.67
52691	19.83
52690	19.72
52689	19.38
52688	19.49
52684	18.9
52683	18.05
52682	18.17
52681	18.29
52680	17.92
52677	17.54
52676	17.93
52675	17.79
52674	17.75
52673	17.97
52670	18.2
52669	18.09
52668	18.83
52667	18.62
52666	18.11
52663	18.78
52662	19.08
52661	18.48
52660	17.92
52656	18.37
52655	18.75
52654	19.58
52653	19.7
52652	19.67
52649	20
52648	19.44
52647	18.75
52646	19.15
52645	18.94
52642	18.1
52641	17.6
52639	16.35
52638	16.48
52635	16.58
52634	16.95
52632	17.37
52631	17.72
52628	17.08
52627	16.71
52626	16.8
52625	17.52
52624	17.3
52621	17.4
52620	17.68
52619	16.46
52618	16.27
52617	15.74
52614	16.74
52613	16.55
52612	16.74
52611	17.36
52610	18.04
52607	18.27
52605	18.39
52604	18.13
52603	18.39
52600	18.4
52599	18.31
52598	18
52597	16.75
52596	17.76
52593	17.45
52592	16.7
52591	15.44
52590	15.48
52589	14.92
52586	15.68
52585	15.6
52584	17.38
52583	17.03
52582	16.77
52579	15.15
52578	14.92
52577	14.98
52576	14.3
52575	14.66
52572	14.92
52571	15.06
52570	15.07
52569	14.85
52568	14.96
52565	15.03
52564	14.67
52563	14.68
52562	14.42
52561	14.26
52558	13.36
52557	12.27
52556	9.98
52555	9.5
52554	9.08
52551	9.34
52550	9.39
52549	9.48
52548	9.7
52547	9.57
52544	10.58
52543	10.59
52542	9.91
52541	9
52540	9.08
52537	9.75
52536	9.5
52535	10
52534	10.01
52533	10.18
52530	10.46
52529	10.35
52528	10.72
52527	10.46
52526	10.15
52523	9.94
52522	9.19
52521	9.77
52520	9.71
52516	10.29
52515	10.25
52514	9.13
52513	10.7
52512	11.31
52509	12.02
52508	12.8
52507	12.9
52506	13.09
52505	13.47
52502	12.1
52501	12.22
52500	11.71
52499	11.19
52498	11.97
52495	11.96
52494	11.96
52493	11.43
52492	11.5
52491	10.89
52488	11.58
52487	12.16
52486	13.17
52485	13.39
52484	13.19
52481	12.7
52480	12.16
52479	13.58
52478	12.66
52477	13.32
52474	13.37
52473	13.58
52472	14.26
52471	13.76
52470	13.06
52467	12.94
52466	12.92
52465	12.19
52464	12.7
52463	12.89
52460	13.62
52458	12.78
52457	11.88
52456	13.63
52453	14.76
52452	14.18
52451	14.18
52450	13.72
52449	15.08
52446	15.49
52445	15.65
52444	16.02
52443	16.65
52442	16.78
52439	15.96
52438	15.97
52437	15.83
52436	15.86
52435	15.84
52432	15.86
52431	15.99
52430	16.01
52429	16
52428	15.68
52425	16.02
52424	16.42
52423	16.58
52422	16.55
52418	17.01
52417	17.09
52416	16.27
52415	16.73
52414	17.17
52411	18
52410	18.03
52409	17.78
52408	17.55
52407	15.98
52404	15.46
52403	16.37
52402	16.32
52401	14.74
52400	14.6
52397	14.77
52396	15
52395	15.64
52394	14.76
52393	14.21
52390	14.5
52389	14.35
52388	14.61
52387	14.17
52386	14.14
52383	14.76
52382	15.06
52381	15.89
52380	15.39
52379	15.41
52376	15.72
52375	15.45
52374	18.44
52373	18.46
52372	18.84
52369	18.17
52368	17.66
52367	17.82
52366	18.05
52365	18.68
52361	18.47
52360	17.85
52359	17.69
52358	17.83
52355	18.43
52354	18.59
52353	18.2
52352	19.09
52351	19.21
52348	18.72
52347	19.23
52346	19.22
52345	19.36
52344	20.5
52341	18.93
52340	17.94
52339	18.26
52338	18.19
52337	17.81
52334	16.61
52333	14.46
52332	14.55
52331	14.93
52330	15
52327	14.46
52326	14.44
52325	15.29
52324	14.44
52320	15.67
52319	16.57
52318	16.79
52317	16.33
52316	16.55
52313	16.65
52312	15.35
52311	15.89
52310	15.77
52309	15.75
52306	16.68
52305	17.24
52304	17.19
52303	18.18
52302	18.7
52299	18.68
52298	18.19
52297	18.44
52296	18.42
52292	19.2
52291	20.12
52290	17.87
52289	19.47
52288	19.01
52285	20.16
52284	20.49
52283	20.25
52282	19.53
52281	19.73
52278	18.9
52277	19.13
52276	18.63
52274	17.74
52271	18.3
52270	17.77
52269	17.51
52267	16.67
52264	16.92
52263	16.22
52262	17.71
52261	18.38
52260	17.86
52257	17.21
52256	17.58
52255	19.14
52254	18.42
52253	17.82
52250	17.67
52249	19.02
52248	17.06
52247	16.96
52246	15.83
52243	15.57
52242	16.7
52241	16.21
52240	17.4
52239	18.07
52236	15.73
52234	14.93
52233	14.89
52232	16.28
52229	15.47
52228	14.83
52227	15.21
52226	13.97
52225	13.7
52222	13.72
52221	13.12
52220	13.43
52219	12.99
52218	11.99
52215	10.96
52214	11.2
52213	10.88
52212	11.09
52211	11.3
52208	12.06
52207	12.25
52206	11.95
52205	11.58
52204	11.78
52201	11.37
52200	11.27
52199	11.36
52198	12.5
52197	12.07
52194	12.08
52193	12.5
52192	10.93
52191	10.16
52190	10.49
52187	10.35
52186	10.68
52185	9.91
52184	9.24
52183	9.09
52180	8.81
52179	9.11
52178	8.11
52177	9.28
52176	9.25
52173	8.68
52172	9.97
52171	10.07
52170	10.1
52169	10.88
52162	11.74
52159	10.75
52158	11.1
52157	10.64
52156	11.7
52152	11.86
52151	11.32
52150	12.14
52149	13
52148	13.42
52145	14.11
52144	13.26
52143	13.4
52142	13.01
52141	14.46
52138	14.05
52137	14.79
52136	14.26
52135	14.98
52134	15.64
52131	15.42
52130	16.28
52129	16.55
52128	17.3
52127	17.39
52124	17.87
52123	18.45
52122	18.29
52121	17.62
52120	17.8
52117	18.02
52116	17.48
52115	16.87
52114	16.97
52113	17.56
52110	17.94
52109	17.43
52108	17.03
52107	18.48
52106	18.01
52103	18.25
52102	18.62
52101	17.03
52100	17.83
52099	18.57
52096	17.88
52095	19.19
52093	19.81
52092	20.04
52089	19.99
52088	19.38
52087	18.73
52086	19.14
52085	19.77
52082	17.31
52081	17.8
52080	18.49
52079	15.56
52078	15.31
52075	16.01
52074	16.47
52073	17.15
52072	18.11
52071	17.86
52068	18.55
52067	19.42
52066	19.68
52065	20
52064	19.78
52061	19.46
52060	18.11
52059	17.67
52058	18.79
52054	20.92
52053	21.53
52052	20.44
52051	22.13
52050	21.5
52047	19.36
52046	19.85
52045	19.38
52044	18.06
52043	17.1
52040	17.79
52039	18.23
52038	18.86
52037	19.74
52036	19.98
52033	20.13
52032	20.83
52031	22.92
52030	22.31
52029	20.18
52026	19.5
52025	18.26
52024	18.68
52023	18.01
52022	17.96
52019	19.85
52018	19.96
52017	18.62
52016	17.31
52015	17.62
52011	16.96
52010	15.86
52009	16.02
52008	15.64
52005	14.81
52004	15.25
52003	12.44
52002	11.38
52001	14
51998	15.75
51997	15
51996	14.94
51995	15.56
51994	14.19
51991	14.44
51990	14.88
51989	13.69
51988	13.94
51987	14.94
51984	13.56
51983	15
51982	15.31
51981	16.06
51980	16.37
51977	17
51976	17.69
51975	20.94
51974	22.37
51973	22.19
51970	21.69
51969	24.44
51968	23.81
51967	23.44
51966	25.75
51963	25.44
51962	24
51961	26.12
51960	26.56
51956	28.19
51955	31.31
51954	28.5
51953	27.12
51952	28.5
51949	27.94
51948	30.19
51947	33.44
51946	36.38
51945	35.06
51942	33
51941	36.06
51940	37.31
51939	39.69
51938	39.88
51935	37.69
51934	39.19
51933	42.88
51932	38.95
51931	34.69
51928	33.81
51927	34.44
51926	30.25
51925	27.37
51921	26.56
51920	25.87
51919	30.5
51918	30.12
51917	27.19
51914	28.5
51913	29.56
51912	30.94
51911	28.19
51907	30.06
51906	31
51905	29.75
51904	31.19
51900	29.56
51899	25.62
51898	27.94
51897	28
51896	32
51893	33
51892	32
51891	34.88
51890	35.81
51889	33.88
51886	34.94
51885	34.94
51884	37.5
51883	43.88
51882	37.94
51879	38.94
51878	39.63
51877	39.06
51876	36.97
51875	40.13
51872	40.88
51870	38.19
51869	41.69
51868	48.88
51865	51.25
51864	52.94
51863	57.13
51862	59.44
51861	55.31
51858	56.44
51857	58.81
51856	65
51855	68.5
51854	65.62
51851	68.75
51850	67.44
51849	64.36
51848	58.63
51847	52.63
51844	55.25
51843	56
51842	55.56
51841	58.63
51840	59.63
51837	59
51836	59.56
51835	52.75
51834	48.94
51833	55.25
51830	60
51829	56.63
51828	65.37
51827	82.69
51826	85.75
51823	81.25
51822	84.69
51821	87.94
51820	84
51819	86.06
51816	91
51815	95.69
51814	90.37
51813	102.44
51812	105.5
51809	111.44
51808	108.12
51807	109.69
51806	108.06
51805	105.06
51802	105.87
51801	106.94
51800	106.37
51799	107
51798	106.31
51795	104.12
51794	106.94
51793	112.06
51792	117.12
51788	113.94
51787	121.5
51786	123.25
51785	121
51784	122.06
51781	134.25
51780	139.81
51779	133.81
51778	127.5
51777	130.44
51774	125.19
51773	131.13
51772	134
51771	132.31
51770	132.38
51767	128.63
51766	129.31
51765	132.69
51764	134.13
51763	136.5
51760	133.94
51759	131.19
51758	127.12
51757	127.44
51756	128.69
51753	126.75
51752	134.06
51751	135.94
51750	138
51749	132.56
51746	138.31
51745	139.81
51744	134
51743	129.94
51742	131.63
51739	128
51738	122.56
51737	124.94
51736	105.5
51735	110
51732	116.5
51731	122.37
51730	120.81
51728	127.87
51725	123.87
51724	119.31
51723	123.56
51722	125.94
51721	119.31
51718	125.31
51717	131.69
51716	142.81
51715	148
51714	139.06
51711	140.94
51710	139.69
51709	139.5
51708	139.5
51707	137.44
51704	143.19
51703	144
51702	144.5
51701	135.06
51700	137.31
51697	134.5
51696	120.06
51695	113.06
51694	117
51690	112.06
51689	115
51688	122.75
51687	118.31
51686	126.25
51683	120.31
51682	132
51681	137.81
51680	135.63
51679	130
51676	125.69
51675	125.31
51674	118.89
51673	117.44
51672	120.75
51669	125.69
51668	124.19
51667	122.06
51666	122.56
51665	130.88
51662	130.25
51661	124.31
51660	119.12
51659	124.5
51658	113.87
51654	123.12
51653	125.87
51652	126.69
51651	114.37
51648	116
51647	136.13
51646	136.19
51645	133.5
51644	141.94
51641	151.13
51640	154
51639	165.56
51638	167.38
51637	160.13
51634	171.38
51633	169.5
51632	177.06
51631	195
51630	200.75
51627	194
51626	191
51625	197.19
51624	191.75
51623	172.02
51620	171.13
51619	170.19
51618	158.5
51617	168.75
51616	175.81
51613	178.06
51612	183.25
51611	177
51610	171.38
51609	171.56
51606	158
51605	154.94
51604	158.5
51603	159.69
51602	161.94
51599	165.19
51598	168.06
51597	166.2
51596	153.81
51592	156.13
51591	163.19
51590	161.56
51589	170
51588	165.75
51585	342.69
51584	365
51583	362.31
51582	373.13
51581	354
51578	353.5
51577	360.25
51576	328
51575	317.38
51574	322.06
51571	313.5
51570	337.38
51569	328.56
51568	345.56
51567	324.31
51564	351.94
51563	351.94
51562	364
51561	341.19
51557	353
51556	346.88
51555	357.56
51554	397.38
51553	436.06
51550	407.25
51549	368.19
51548	410.5
51547	443
51546	475
51543	432.69
51542	416.06
51541	403.69
51540	390.25
51539	415
51535	402.63
51534	419.31
51533	405.56
51532	369.5
51529	350
51528	341
51527	327.5
51526	333.13
51525	351.06
51522	353.5
51521	340
51520	319.63
51519	348
51518	280.81
51515	253
51514	245.81
51513	228.88
51512	212.75
51511	226.13
51508	226.88
51506	231
51505	221.19
51504	226.81
51501	218.75
51500	213.88
51499	206.19
51498	212.56
51497	205
51494	196.94
51493	193.13
51492	197.69
51491	194.56
51490	197.19
51487	183.44
51486	182.13
51485	180.63
51484	178
51483	180.69
51480	179.06
51479	175
51478	174.19
51477	179.19
51476	178.75
51473	178.13
51472	181.94
51471	180.14
51470	174.88
51469	170.38
51466	169.56
51465	173.38
51464	167.56
51463	173.88
51462	181.38
51459	192.13
51458	190.25
51457	175.75
51456	173.31
51455	171.19
51452	175.44
51451	179.5
51450	179.31
51449	184.69
51448	181.38
51445	183.31
51444	173.75
51443	179.5
51442	169.56
51441	168.38
51438	163.13
51437	163.44
51436	162.38
51435	165.19
51434	160.75
51431	170.5
51430	162.69
51429	153.44
51428	155
51424	155
51423	141.56
51422	143.31
51421	147.5
51420	143.81
51417	149
51416	152.69
51415	158.56
51414	152.94
51413	152.13
51410	145
51409	139.19
51408	145.06
51407	138.88
51406	134.5
51403	132.81
51402	128.38
51401	128.06
51400	127.5
51399	121.19
51396	126.94
51395	128.38
51394	121
51393	125.37
51392	132.31
51389	136.44
51388	137
51387	143
51386	131.31
51385	134.31
51382	145.75
51381	145.13
51380	151.88
51379	142.13
51378	149.5
51375	150.25
51374	154.44
51373	159.44
51372	156.94
51371	150.25
51368	160
51367	164.44
51366	167.06
51365	175.13
51361	178.13
51360	177.25
51359	172.25
51358	160
51357	156.5
51354	146.88
51353	151
51352	155.5
51351	152.5
51350	158.88
51347	144.44
51346	142.25
51345	141.63
51344	125.25
51343	119.25
51340	135.25
51339	144.75
51338	146.38
51337	143.31
51336	151.88
51333	147.44
51332	135.38
51331	142.5
51330	138.19
51326	148
51325	133.38
51324	140.88
51323	126.94
51322	137.88
51319	151.31
51318	151.5
51317	158.25
51316	156.81
51315	161.81
51312	157.38
51311	160.38
51310	169.94
51309	174
51308	155.69
51305	147.44
51304	151.88
51303	161.31
51302	159.25
51301	162.56
51298	174.69
51297	175
51296	173.5
51295	184.5
51294	192.25
51291	187.69
51290	184
51289	174.88
51288	171
51287	163.69
51284	189.19
51283	194.63
51282	191
51281	203
51280	202.94
51277	207
51276	206.69
51275	208.44
51274	214.88
51273	219.13
51269	179.75
51268	168.38
51267	172.31
51266	176
51263	171.38
51262	179
51261	160.5
51260	155.5
51259	165
51256	170
51255	175.31
51254	172.13
51253	174.88
51252	179.44
51249	176
51248	179
51247	173.63
51246	167.31
51245	170.44
51242	159.81
51241	151.5
51240	153.44
51239	153.19
51238	160.13
51235	153.5
51234	155.38
51233	150.19
51232	152.88
51231	145.75
51228	135.31
51227	128.88
51226	129.63
51225	133.38
51221	151
51220	158.5
51219	142.38
51218	140.75
51217	158.63
51214	345.5
51213	337
51212	358.06
51211	322.94
51210	335.56
51207	354.25
51206	367.75
51205	335.88
51204	351.25
51203	312
51200	286
51199	265
51198	287.19
51197	323
51193	317
51192	343.94
51191	368
51190	402
51189	415.38
51186	343.63
51185	320
51184	291
51183	257.88
51182	248
51178	236.94
51177	244.63
51176	270
51175	275.5
51171	247.13
51170	250
51169	245
51168	247.5
51165	212.31
51164	205.5
51163	205.13
51162	198
51161	191.25
51158	195.69
51157	192.75
51156	197.88
51155	198.5
51154	190.56
51151	189.75
51150	183.75
51149	197.06
51148	206.25
51147	192
51144	216.94
51142	209.88
51141	210.25
51140	221.44
51137	191
51136	185.88
51135	190.13
51134	176.75
51133	173.25
51130	168
51129	173.25
51128	165
51127	176.56
51126	164.75
51123	153.56
51122	151.69
51121	151.38
51120	142.13
51119	145.44
51116	130.84
51115	131.19
51114	126.75
51113	123.75
51112	127.94
51109	122.12
51108	122.12
51107	119.75
51106	115.5
51105	117.5
51102	115.62
51101	119.37
51100	111.87
51099	109.94
51098	114.44
51095	105.62
51094	104.81
51093	114.37
51092	124.81
51091	125.81
51088	127
51087	112.94
51086	129.5
51085	131.5
51084	127.94
51081	121
51080	115.25
51079	117.87
51078	102.94
51077	96.31
51074	90.44
51073	90.06
51072	93.37
51071	84.37
51070	83.87
51067	79.87
51066	79.87
51065	80
51064	84.62
51060	75.37
51059	75.19
51058	77.75
51057	72.25
51056	69
51053	83.06
51052	91.06
51051	96.87
51050	97.5
51049	97.69
51046	95.37
51045	97.5
51044	95.25
51043	97.25
51042	92
51039	91.75
51038	92.75
51037	95.37
51036	91.37
51035	94
51032	91.62
51031	87.37
51030	83.87
51029	85.12
51028	86.44
51025	181.94
51024	182.69
51023	173.56
51022	183.25
51021	189.19
51018	182.13
51017	189.38
51016	193.75
51015	189
51014	196.31
51011	185.75
51010	186.69
51009	181.75
51008	186.5
51007	188.38
51004	182.5
51003	184
51002	186.19
51001	191
51000	199.25
50996	172.88
50995	169.88
50994	157.5
50993	154.44
50990	148.69
50989	152.25
50988	148.75
50987	148.06
50986	139.56
50983	129.25
50982	127.75
50981	130.63
50980	121.94
50979	115.25
50976	113.81
50975	115.25
50974	114.44
50973	117.87
50972	109.37
50969	105
50968	102.62
50967	102
50966	104.81
50965	104.37
50962	109.5
50961	110
50960	115.12
50959	108.25
50955	114.37
50954	117
50953	116.87
50952	118.16
50951	116.56
50948	118.06
50947	120.25
50946	124
50945	115.69
50944	114.19
50941	117.75
50940	115.19
50939	115.06
50938	116.75
50937	120.87
50934	118.62
50933	118.94
50932	118.25
50931	118.5
50930	112.12
50927	114.75
50926	112.19
50925	118.37
50924	123.28
50923	125.75
50920	121.5
50919	128.39
50918	118.19
50917	114.87
50916	113
50912	114.5
50911	97.25
50910	93.25
50909	99.06
50906	102.44
50905	103.87
50904	97.81
50903	92.44
50902	93.06
50899	90.62
50898	88.94
50897	88.25
50896	86.81
50895	83
50892	83.16
50891	83.87
50890	86.28
50889	83.84
50888	85
50885	83.37
50884	82
50883	84.25
50882	87.5
50881	87.81
50878	80.56
50877	75.31
50876	71.62
50875	72.94
50874	73.19
50871	73.19
50870	68.12
50869	61.72
50868	61.53
50867	63.28
50864	64.12
50863	64.03
50862	63.5
50861	64.25
50857	64.75
50856	65.12
50855	65.09
50854	64.62
50853	63.89
50850	64.25
50849	62.25
50848	63.69
50847	64.84
50846	66
50843	63.38
50842	61.88
50841	58.06
50840	60.06
50839	59.88
50836	61.75
50835	62.31
50834	63.88
50833	64.5
50829	65.25
50828	65.34
50827	67
50826	65.78
50825	62.5
50822	61.88
50821	64.25
50820	63.81
50819	64
50818	62.94
50815	66.25
50813	69.25
50812	71
50811	68.94
50808	66.12
50806	64.5
50805	65.12
50804	64.44
50801	61.88
50800	58.13
50799	59.56
50798	60.31
50797	58
50794	59.5
50793	58.63
50792	58.88
50791	59.31
50790	59.63
50787	56.25
50786	53.81
50785	53.88
50784	53
50783	54
50780	51.13
50778	50.88
50777	50.81
50776	48.5
50773	52.88
50772	53.63
50771	50.63
50770	51.75
50769	52
50766	47.88
50765	45.69
50764	43.5
50763	46
50762	48.63
50759	49.5
50758	52.75
50757	53.63
50756	51
50755	46.09
50752	43.84
50751	41.69
50750	41.25
50749	43.13
50748	38
50745	47.56
50744	50.56
50743	52.94
50742	51.13
50741	48.88
50738	48.5
50737	48.63
50736	51.5
50735	51
50734	51.13
50731	52.81
50730	55.5
50729	56.75
50728	55.75
50727	58.25
50724	55.25
50723	55
50722	51.13
50721	50.13
50720	50.69
50717	50.25
50716	50.06
50715	51.5
50714	50.69
50713	53.63
50710	51.38
50709	49.75
50708	48.88
50707	51.13
50706	48.19
50703	53.94
50702	55.38
50701	53.31
50700	50.38
50699	47.19
50696	45.38
50695	41.75
50694	40.63
50693	39.88
50689	59.5
50688	56.13
50687	55.81
50686	55.88
50685	56.75
50682	55.69
50681	55.75
50680	57.38
50679	55.25
50678	52.38
50675	48.5
50674	49.56
50673	50.38
50672	50.94
50671	53.25
50668	54
50667	53.81
50666	55
50665	54.38
50664	53.38
50661	55.25
50660	56.5
50659	54.63
50658	48.25
50657	47.56
50654	47.88
50653	47.5
50652	49.13
50651	50.44
50650	49.63
50647	46.88
50646	46.88
50645	49.13
50644	50.5
50643	48.5
50640	44
50639	43
50638	44
50637	39.75
50636	37.75
50632	33.5
50631	33.75
50630	34.06
50629	35.25
50626	34.5
50625	36.25
50624	37.25
50623	37.19
50622	37
50619	39.25
50618	34.75
50617	34.13
50616	35
50615	34.69
50612	32.25
50611	32
50610	31
50609	32.38
50608	32.56
50605	32
50604	32.44
50603	31.5
50602	32.5
50601	33.13
50598	32.25
50597	31.87
50596	32
50595	31.69
50591	31.44
50590	31.31
50589	33.13
50588	32.44
50587	32.25
50584	31.87
50583	31.12
50582	30.25
50581	30.37
50580	32.75
50577	33.75
50576	34.13
50575	33.5
50574	32.94
50573	36
50570	35
50569	34
50568	34.13
50567	31.75
50566	31.37
50563	30.25
50562	30.5
50561	31.25
50560	27.44
50559	28.25
50556	31
50555	32.44
50554	31.31
50553	31.31
50552	32.88
50549	34.31
50548	32.69
50547	34.44
50546	33.25
50545	33.63
50542	31.62
50541	29.25
50540	29.94
50539	29.5
50538	28.12
50534	28.56
50533	29.62
50532	28.06
50531	28.75
50528	28.75
50527	29
50526	24.75
50525	22.62
50524	23.12
50521	25.25
50520	22.81
50519	25.62
50518	26
50517	26.62
50514	27.25
50513	26.25
50512	27
50511	28.69
50510	30
50507	30.25
50506	30.5
50505	31.25
50504	32.38
50503	30.37
50500	31.12
50499	31.87
50498	33
50497	34.13
50493	34.38
50492	35.88
50491	35.63
50490	31.37
50489	29.12
50486	30.12
50485	32.25
50484	33.88
50483	34.63
50482	34.88
50479	33.88
50478	34.13
50477	33.63
50476	32.63
50475	36.44
50472	33.13
50471	35.25
50470	31.87
50469	31.87
50468	29.5
50465	26.62
50464	26.12
50463	25.37
50462	20.87
50461	21.75
50458	19.25
50457	19.37
50456	18.87
50455	20.12
50454	19.87
50451	18.37
50450	17.5
50448	17
50447	18
50444	18.25
50443	17.87
50441	18.12
50440	17.94
50437	17
50436	18
50435	18.37
50434	18.12
50433	18.75
50430	19.87
50429	20
50428	19.37
50427	20.25
50426	21.25
50423	20.5
50422	21.31
50421	19.75
50420	20
50419	19
50416	19.12
50414	18.56
50413	18.87
50412	19.12
50409	17.62
50408	17.37
50407	17.75
50406	17.87
50405	18.12
50402	18.5
50401	18.19
50400	19
50399	19.75
50398	20.12
50395	19.5
50394	18.12
50393	18
50392	18.25
50391	19
50388	19.5
50387	19.75
50386	20.12
50385	20.5
50384	20.62
50381	20.5
50380	20.87
50379	21.12
50378	21.25
50377	21.87
50374	22
50373	22
50372	21.12
50371	21.5
50370	21.62
50367	20.62
50366	20.5
50365	22.5
50364	20.87
50363	22.25
50360	22
50359	22.62
50358	21.75
50357	19.62
50356	21.25
50353	21.75
50352	21.87
50351	21.87
50350	22.75
50349	23.81
50346	24
50345	21.5
50344	20.75
50343	21.62
50342	20.62
50339	20.62
50338	19.5
50337	18.87
50336	18.5
50335	18.75
50332	18.37
50331	18.37
50330	18.87
50329	19
50325	19.62
50324	19.75
50323	21.12
50322	20.12
50321	19.75
50318	19.75
50317	19.87
50316	18.62
50315	19.12
50314	19.62
50311	19.37
50310	19.87
50309	20.37
50308	19.87
50307	17.25
50304	17.75
50303	18.5
50302	18
50301	18.12
50300	18.87
50297	18.87
50296	19
50295	18
50294	17
50293	16.12
50290	16.62
50289	16.25
50288	15.75
50287	16.25
50286	18
50283	18.87
50282	19.25
50281	19.25
50280	18
50279	17.87
50276	17.5
50275	17.25
50274	16.37
50273	18.5
50272	20
50269	20
50267	21
50266	21.25
50265	21.75
50262	21
50261	18.25
50260	21
50259	21.75
50258	21.75
50255	22.25
50254	21.75
50253	20.75
50252	20.5
50251	23
50248	24.75
50247	25.5
50246	26
50245	25.5
50244	26.5
50241	26.87
50240	27.75
50239	27.12
50238	27.12
50237	27.25
50234	28
50233	28.25
50232	27.5
50231	29
50227	29.5
50226	29.5
50225	27.5
50224	28
50223	29
50220	30
50219	30.25
50218	30.25
50217	29.5
50216	30.25
50213	31.25
50212	30.75
50211	30.25
50210	30.37
50209	30.12
50206	32
50205	32.88
50204	31.62
50203	29.75
50202	31
50199	31.75
50198	31.25
50197	29
50196	28
50195	28.25
50192	28.87
50191	29.25
50190	27
50189	28.75
50188	32.25
50185	33